Id;SplBatch;Origin;Group;PrProt;Asx;Thr;Ser;Glx;Gly;Ala;Pro;Val;Met;Ile;Leu;Tyr;Phe;His;Lys;Arg
HF_M01_GL14;1;BornW;Wild;51.89;7.23;3.87;3.58;11.70;35.16;16.78;12.71;1.82;0.46;0.88;1.76;0.57;0.61;0.10;0.59;2.17
HF_M02_GL14;1;BornW;Wild;36.36;7.93;4.21;3.71;12.50;32.32;14.83;14.30;2.12;0.58;1.09;2.05;0.77;0.39;0.15;0.78;2.27
HF_M03_GL14;1;BornW;Wild;49.93;7.59;3.91;3.74;12.16;34.09;15.77;13.34;1.79;0.41;0.92;1.84;0.65;0.65;0.14;0.71;2.29
HF_F04_GL14;1;BornW;Wild;43.72;7.39;3.99;3.72;11.56;35.04;16.97;12.25;1.90;0.48;0.91;1.78;0.57;0.62;0.02;0.63;2.16
HF_F02_GL17;1;BornW;Wild;52.54;6.97;3.65;3.55;11.46;36.54;17.29;12.56;1.51;0.36;0.74;1.53;0.52;0.52;0.08;0.45;2.28
HF_F03_GL17;1;BornW;Wild;44.40;7.88;4.18;3.92;12.77;31.34;14.32;14.03;2.16;0.58;1.12;2.08;0.70;0.81;0.20;0.94;2.99
HF_M04_GL17;1;BornW;Wild;44.33;7.53;3.64;3.38;10.71;39.64;16.87;9.30;2.90;0.28;0.42;1.31;0.38;0.37;0.32;0.78;2.18
HF_F05_GL17;1;BornW;Wild;47.69;7.55;3.63;3.02;12.66;39.46;17.39;7.62;1.70;0.41;0.86;1.62;0.64;0.76;0.39;0.61;1.67
HF_M06_GL17;1;BornW;Wild;43.55;7.06;3.18;2.80;11.78;42.20;17.68;7.91;1.43;0.36;0.77;1.47;0.43;0.65;0.23;0.45;1.60
HF_F01_GL18;1;BornW;Wild;58.01;7.69;4.02;3.86;12.32;33.96;16.69;11.35;2.05;0.53;1.03;1.95;0.63;0.70;0.13;0.72;2.38
HF_M02_GL18;1;BornW;Wild;49.89;7.57;3.87;3.73;12.40;34.27;15.89;12.35;2.03;0.53;1.01;1.93;0.66;0.71;0.13;0.65;2.28
HF_F03_GL18;1;BornW;Wild;35.27;9.22;4.17;3.56;14.09;35.45;14.06;7.92;2.34;0.65;1.26;2.26;0.85;1.06;0.31;1.04;1.76
HF_F04_GL18;1;BornW;Wild;49.46;7.58;3.77;3.01;12.54;40.14;17.71;6.00;1.85;0.56;1.00;1.78;0.60;0.73;0.33;0.60;1.81
HF_M05_GL18;1;BornW;Wild;31.67;5.99;2.95;2.05;11.52;41.96;18.15;9.73;1.39;0.36;0.70;1.38;0.41;0.73;0.28;0.52;1.88
HF_M06_GL18;1;BornW;Wild;44.49;8.70;4.29;3.28;13.75;37.39;15.19;6.21;2.06;0.58;1.22;2.14;0.84;1.07;0.56;0.87;1.84
HF_B02_STM;7;BornW;Cap&Caged;31.98;7.64;3.90;3.89;12.51;34.63;16.39;11.45;1.97;0.36;0.97;1.90;0.52;0.76;0.17;0.83;2.11
HF_B04_STM;7;BornW;Cap&Caged;47.90;7.84;4.01;3.99;12.83;35.54;16.82;8.85;2.02;0.37;0.99;1.95;0.54;0.78;0.18;0.85;2.44
HF_B07_STM;7;BornW;Cap&Caged;34.23;8.87;4.17;3.44;13.85;35.57;14.67;8.60;2.06;0.46;1.06;1.94;0.75;1.19;0.40;1.05;1.91
HF_B19_STM;7;BornW;Cap&Caged;42.18;7.87;3.62;3.12;13.17;39.27;17.19;7.06;1.80;0.47;0.97;1.69;0.54;0.61;0.22;0.73;1.68
HF_J01_STM;7;BornW;Cap&Caged;46.17;7.61;3.92;3.76;12.42;34.90;15.20;12.37;2.16;0.37;1.03;1.97;0.44;0.72;0.16;0.76;2.23
HF_J05_STM;7;BornW;Cap&Caged;61.26;7.28;3.88;3.71;11.89;35.42;17.21;11.58;1.86;0.47;0.91;1.75;0.59;0.61;0.10;0.56;2.17
HF_J13_STM;7;BornW;Cap&Caged;47.26;6.58;3.16;3.03;11.60;43.02;16.65;7.67;1.86;0.74;0.93;1.51;0.72;0.72;0.11;0.32;1.38
HF_J16_STM;7;BornW;Cap&Caged;43.27;7.44;3.62;3.07;12.63;41.59;18.48;4.83;1.52;0.45;1.10;1.70;0.54;0.58;0.21;0.62;1.64
HF_J23_STM;7;BornW;Cap&Caged;36.32;7.92;3.55;2.98;13.12;38.94;17.33;7.21;1.01;0.49;0.99;1.78;1.06;0.98;0.31;0.68;1.67
HF_U01_OLE;8;BornW;Cap&Caged;36.28;8.82;4.50;4.23;13.78;30.77;13.26;12.77;2.40;0.58;1.34;2.37;0.56;1.00;0.24;1.09;2.28
HF_U03_OLE;8;BornW;Cap&Caged;46.64;8.58;4.58;4.17;13.65;30.80;13.78;11.74;2.61;0.70;1.34;2.51;0.91;0.99;0.23;1.11;2.30
HF_U04_OLE;8;BornW;Cap&Caged;27.54;7.12;4.67;3.40;14.42;35.97;14.21;8.51;2.47;0.74;1.38;2.25;0.77;0.81;0.38;1.08;1.80
HF_U01_AQB;11;BornCap;BornCap;35.87;8.90;4.73;4.28;13.53;28.89;13.84;12.10;2.90;0.73;1.55;2.68;0.85;1.17;0.30;1.30;2.24
HF_U02_AQB;11;BornCap;BornCap;26.24;9.66;5.06;4.43;14.22;26.53;11.25;13.10;3.12;0.77;1.82;3.05;1.23;1.42;0.32;1.64;2.40
HF_U04_AQB;11;BornCap;BornCap;17.39;9.93;4.58;3.41;15.28;28.88;11.38;12.00;2.93;0.94;1.76;2.75;1.31;1.49;0.66;1.55;1.16
HF_U05_AQB;11;BornCap;BornCap;19.01;10.40;4.90;3.56;13.68;28.71;10.93;12.00;2.88;0.84;1.81;2.89;1.53;1.78;0.48;1.71;1.91
HF_U06_AQB;11;BornCap;BornCap;24.35;10.21;4.84;3.47;14.61;33.22;11.17;8.97;2.61;0.83;1.56;2.59;1.09;1.09;0.51;1.25;1.99
HF_U01_PLO;12;BornCap;BornCap;36.90;8.99;4.39;4.20;14.39;28.09;13.32;12.66;3.05;0.76;1.64;2.86;0.41;1.27;0.27;1.32;2.39
HF_U02_PLO;12;BornCap;BornCap;25.66;9.15;4.95;4.12;14.67;27.10;11.56;12.60;3.29;0.93;1.79;3.03;1.29;1.33;0.25;1.50;2.44
HF_U04_PLO;12;BornCap;BornCap;21.44;9.71;4.40;3.40;14.23;29.74;12.06;11.57;2.83;0.70;1.74;2.84;1.23;1.32;0.58;1.60;2.05
HF_U05_PLO;12;BornCap;BornCap;19.68;10.31;4.30;3.52;15.34;31.07;11.96;9.52;2.53;0.75;1.55;2.55;1.28;1.34;0.54;1.42;2.02
HF_U06_PLO;12;BornCap;BornCap;21.01;10.59;5.12;3.69;15.15;30.30;11.89;8.77;2.90;0.80;1.69;2.96;1.10;1.49;0.48;1.64;1.42
HF_U01_CAN;13;BornCap;BornCap;16.55;9.26;4.98;4.78;14.13;28.18;12.04;10.01;3.22;0.89;1.92;3.28;1.38;1.51;0.33;1.72;2.37
HF_U02_CAN;13;BornCap;BornCap;16.61;10.66;4.16;3.20;15.43;29.61;11.44;12.10;2.68;0.84;1.51;2.58;1.09;1.33;0.49;1.28;1.61
HF_U03_CAN;13;BornCap;BornCap;17.56;9.55;4.07;3.26;15.01;34.26;12.78;8.90;2.52;0.79;1.36;2.25;0.95;0.83;0.54;1.05;1.87
HF_U04_CAN;13;BornCap;BornCap;15.20;9.59;4.39;3.09;15.66;30.25;13.02;10.75;2.62;0.85;1.57;2.46;1.18;1.23;0.48;1.00;1.86
HF_U05_CAN;13;BornCap;BornCap;16.57;9.38;3.83;2.69;12.24;31.05;13.09;10.63;3.77;1.58;2.41;2.27;1.80;1.58;0.60;1.25;1.82
HF_U01_BRE;14;BornCap;BornCap;27.53;9.30;4.55;4.23;14.82;27.59;11.83;12.04;3.13;0.94;1.76;2.94;1.11;1.32;0.34;1.43;2.66
HF_U02_BRE;14;BornCap;BornCap;30.21;9.45;5.03;4.23;15.05;27.54;11.58;12.16;2.99;0.78;1.65;2.92;1.13;1.35;0.25;1.55;2.37
HF_U04_BRE;14;BornCap;BornCap;20.16;9.83;5.28;3.70;16.57;28.92;11.54;9.26;3.17;1.02;1.80;2.87;1.06;0.58;0.74;1.67;2.00
HF_U05_BRE;14;BornCap;BornCap;24.78;9.45;4.62;3.38;15.26;32.75;12.81;8.06;2.70;0.86;1.55;2.50;1.03;1.36;0.44;1.33;1.90
HF_U06_BRE;14;BornCap;BornCap;21.27;9.55;4.23;3.33;15.74;32.35;12.32;9.52;2.60;0.85;1.42;2.30;0.89;1.12;0.54;1.29;1.96
HF_J01_BEM;10;BornCap;BornCap;26.79;9.62;4.35;4.30;14.23;27.10;11.68;12.00;3.26;0.95;1.89;3.07;1.87;1.39;0.41;1.40;2.47
HF_J02_BEM;10;BornCap;BornCap;17.24;10.24;4.80;3.59;16.71;29.96;12.01;7.56;3.17;1.10;1.98;3.15;0.77;0.84;0.39;1.72;2.00
HF_J04_BEM;10;BornCap;BornCap;12.74;10.32;4.34;3.66;17.26;27.01;10.28;11.18;3.09;1.10;2.23;3.26;0.75;1.47;0.59;1.16;2.30
HF_J05_BEM;10;BornCap;BornCap;15.56;9.32;4.40;3.30;16.29;29.97;12.82;10.87;2.76;1.03;1.53;2.44;0.55;1.07;0.56;1.21;1.86